100
10
5 6 1 2 10 4 7 8 3 9 -1
1 2 3 4 5 6 7 8 9 10 1
1 2 3 4 5 6 7 8 9 10 1
1 2 3 4 5 6 7 8 9 10 1
1 2 3 4 5 6 7 8 9 10 1
1 2 3 4 5 6 7 8 9 10 1
1 2 3 4 5 6 7 8 9 10 1
1 2 3 4 5 6 7 8 9 10 1
1 2 3 4 5 6 7 8 9 10 1
1 8 3 2 4 6 7 9 5 10 -1
6 10 4 5 8 9 3 7 1 2 -1
1 2 3 4 5 6 7 8 9 10 1
1 2 3 4 5 6 7 8 9 10 1
5 2 6 3 10 4 9 8 1 7 -1
9 2 10 4 8 6 3 1 5 7 -1
10 4 6 3 5 2 7 8 1 9 -1
9 3 1 10 7 4 5 2 8 6 -1
2 3 5 10 8 4 7 1 9 6 -1
1 2 3 4 5 6 7 8 9 10 1
1 2 3 4 5 6 7 8 9 10 1
1 2 3 4 5 6 7 8 9 10 1
8 5 3 10 4 6 9 7 2 1 -1
1 2 3 4 5 6 7 8 9 10 1
1 4 7 3 2 10 8 6 9 5 -1
1 2 3 4 5 6 7 8 9 10 1
1 2 3 4 5 6 7 8 9 10 1
1 2 3 4 5 6 7 8 9 10 1
1 2 3 4 5 6 7 8 9 10 1
5 2 10 7 1 4 3 6 9 8 -1
1 2 3 4 5 6 7 8 9 10 1
3 1 2 5 9 4 7 8 6 10 -1
1 2 3 4 5 6 7 8 9 10 1
1 2 3 4 5 6 7 8 9 10 1
1 2 3 4 5 6 7 8 9 10 1
1 2 3 4 5 6 7 8 9 10 1
1 2 3 4 5 6 7 8 9 10 1
1 2 3 4 5 6 7 8 9 10 1
8 5 3 1 6 10 2 4 9 7 -1
1 2 3 4 5 6 7 8 9 10 1
1 2 3 4 5 6 7 8 9 10 1
1 2 3 4 5 6 7 8 9 10 1
1 2 3 4 5 6 7 8 9 10 1
4 2 6 5 9 7 1 8 3 10 -1
1 2 3 4 5 6 7 8 9 10 1
1 2 3 4 5 6 7 8 9 10 1
1 2 3 4 5 6 7 8 9 10 1
2 10 9 1 8 3 4 7 6 5 -1
1 2 3 4 5 6 7 8 9 10 1
1 2 3 4 5 6 7 8 9 10 1
10 7 4 9 8 3 5 6 1 2 -1
1 2 3 4 5 6 7 8 9 10 1
1 2 3 4 5 6 7 8 9 10 1
1 2 3 4 5 6 7 8 9 10 1
6 3 9 10 4 1 5 2 7 8 -1
1 2 3 4 5 6 7 8 9 10 1
1 2 3 4 5 6 7 8 9 10 1
1 2 3 4 5 6 7 8 9 10 1
1 2 3 4 5 6 7 8 9 10 1
4 6 1 2 9 8 3 7 5 10 -1
8 4 7 6 3 10 2 1 9 5 -1
1 2 3 4 5 6 7 8 9 10 1
1 2 3 4 5 6 7 8 9 10 1
1 2 3 4 5 6 7 8 9 10 1
5 6 8 4 3 10 7 9 2 1 -1
7 4 3 2 5 1 9 8 6 10 -1
5 1 4 9 10 3 7 6 2 8 -1
1 2 3 4 5 6 7 8 9 10 1
1 2 3 4 5 6 7 8 9 10 1
1 2 3 4 5 6 7 8 9 10 1
1 2 3 4 5 6 7 8 9 10 1
1 2 3 4 5 6 7 8 9 10 1
1 2 3 4 5 6 7 8 9 10 1
1 2 3 4 5 6 7 8 9 10 1
1 2 3 4 5 6 7 8 9 10 1
3 7 8 2 1 6 5 10 9 4 -1
7 2 1 10 3 5 6 8 4 9 -1
1 7 4 3 8 6 2 5 10 9 -1
5 1 3 6 7 4 9 8 10 2 -1
1 2 3 4 5 6 7 8 9 10 1
1 2 3 4 5 6 7 8 9 10 1
1 2 3 4 5 6 7 8 9 10 1
1 10 5 7 8 6 2 4 9 3 -1
1 2 3 4 5 6 7 8 9 10 1
10 2 8 6 5 3 1 4 7 9 -1
9 1 10 4 5 6 2 7 8 3 -1
2 4 3 5 10 1 7 6 9 8 -1
1 2 3 4 5 6 7 8 9 10 1
1 2 3 4 5 6 7 8 9 10 1
1 9 6 4 7 3 10 2 5 8 -1
4 3 6 10 5 8 2 1 9 7 -1
1 2 3 4 5 6 7 8 9 10 1
4 3 5 8 10 6 7 2 9 1 -1
2 10 1 6 5 4 9 3 8 7 -1
10 2 6 8 1 3 7 5 4 9 -1
1 2 3 4 5 6 7 8 9 10 1
9 5 6 4 2 7 8 1 3 10 -1
1 2 3 4 5 6 7 8 9 10 1
1 2 3 4 5 6 7 8 9 10 1
1 2 3 4 5 6 7 8 9 10 1
1 2 3 4 5 6 7 8 9 10 1
